# wxskyfield_lines.dat
#
# Constellation line figures for the Sky page's dome: each line is one
# polyline of a constellation's stick figure -- the IAU constellation
# abbreviation followed by the Hipparcos numbers of its vertices in
# draw order.
#
# Source: the Stellarium project's "modern" sky culture
#         (https://github.com/Stellarium/stellarium,
#         skycultures/modern/index.json), data licensed CC BY-SA 4.0
#         (https://creativecommons.org/licenses/by-sa/4.0/).
#         Credit: Stellarium contributors.  Adapted (distilled to
#         polylines) and redistributed under this extension's GPLv3 via
#         CC BY-SA 4.0's one-way compatibility with GPLv3.
#
# Generated by tools/gen_constellations.py.
And 677 3092 5447
And 9640 5447 4436 3881
Ant 51172 48926
Aps 72370 81065 81852
Aql 95501 93747 93244
Aql 95501 93805
Aql 97649 95501 97804
Aql 98036 97649 97278
Aql 99473 97804
Aqr 102618 106278
Aqr 106278 109074 110395 110960 111497 112961 114855 115438
Aqr 109074 110003 109139
Aqr 110003 111123 112716 113136 114341
Ara 88714 85792 83081 82363 85727 85267 85258 88714
Ari 13209 9884 8903 8832
Aur 25428 23015
Aur 25428 28380
Aur 28380 28360 24608 23453 23015
Boo 71795 69673 72105 74666 73555 71075 71053 69673 67927 67459
CMa 30122 33579
CMa 31592 30324
CMa 31592 32349
CMa 33160 34045 33347 32349 33977 34444 35037 35904
CMa 33347 33160
CMa 33579 32759
CMa 33579 33856 34444
CMa 33856 33165 31592 31416
CMi 37279 36188
CVn 61317 63125
Cae 21060 21770 21861
Cam 16228 17959 22783
Cam 16228 18505 22783
Cam 17959 25110
Cap 100064 100345 104139 105515 106985 107556
Cap 100345 102485
Cap 104139 102978
Cap 105515 105881 104139
Car 30438 31685
Car 41037 39429
Car 42568 41037 30438
Car 45080 42568
Car 45080 45556
Car 45238 50099 52419 52468 54463 53253 51232 50371 45556
Cas 8886 6686 4427 3179 746
Cen 67464 68933
Cen 67472 71352 73334
Cen 68002 61932 60823 59196 56480 56561
Cen 71683 68702 66657 68002 68282 67472 67464 65936 65109
Cep 109492 112724 106032 105199 109492
Cep 112724 116727 106032
Cet 3419 5364 6537 8645 11345 12390 12770 11783 8102
Cet 8102 3419 1562
Cet 10324 11484
Cet 10826 12387 12706 14135 13954 12828 11484 12093 12706
Cet 10826 12390
Cha 40702 51839 60000
Cir 71908 74824
Cir 71908 75323
Cnc 42806 42911 40526
Cnc 42911 44066
Cnc 43103 42806 40843
Col 27628 26634 25859
Col 30277 29807 28199 27628 28328
Com 64241 64394 60742
CrA 91875 90887
CrA 91875 92989 93174 93825 94114 94160 94005 93542 92953
CrB 76127 75695 76267 76952 77512 78159 78493
Crt 53740 54682 55705 55282 53740
Crt 55282 55687 56633 58188 57283 55705
Cru 61084 60718
Cru 62434 59747
Crv 59316 61359 60965
Crv 61174 60965 59803 59316 59199
Cyg 94779 95853 97165 100453 102098
Cyg 100453 98110 95947
Cyg 100453 102488 104732 107310
Del 101421 101769 101958 102532 102281 101769
Dor 26069 21281 19893
Dor 27100 27890 26069 27100
Dra 87585 87833 85670 85829 87585 94376 97433 94648 89937 83895 80331 78527 75458 68756 61281 56211
Equ 104521 104858 105570 104987 104521
Eri 7588 9007 10602 11407 12413 12486 13847 15510 17797 17874 20042 20535 21393 17651 16611 15474 14146 12843 13701 15197 16537 17378 21444 22109 22701 23875 23972 21594
For 13147 14879
Gem 31681 34088 35550 35350 32362
Gem 32246 30343 29655 28734
Gem 34693 32246 30883
Gem 34693 33018
Gem 35550 36962 37740
Gem 36962 36046 34693 36850
Gem 36962 37826
Gru 109268 109111 108085
Gru 112122 112623
Gru 112122 113638
Gru 114131 110997 109268 112122 114421 114131
Her 81693 83207 85693 84379
Her 81833 81693 80816 80170
Her 83207 84380
Her 86414 87808 85112 84606 84380 81833 81126 79992 77760
Her 86974 85693
Her 86974 87933 88794
Hor 19747 12484 14240
Hya 42799 42402 42313 43109 43234 42799
Hya 43234 43813 45336 46776 46509 46390 45751 47452 48356 49841 51069 52943 54204 56343 57936 64166 64962 68895 69415 70306 72571
Hyi 2021 17678 12394 11001 9236
Ind 105319 101772 103227 105319
LMi 49593 53229
LMi 53229 51233 49593 46952
Lac 109937 111104 111022 110609 110538 111169 111022
Leo 50583 50335 48455 47908
Leo 54872 54879
Leo 57632 54879 49669 49583 50583 54872 57632
Lep 23685 24305
Lep 24305 24327
Lep 24305 24845
Lep 24327 24244
Lep 24845 24873
Lep 25985 25606
Lep 25985 27654 27072 25606 23685
Lep 28910 28103 27288 25985 24305
Lib 77853 76333 74785 72622 73714 76333
Lup 71860 70576
Lup 71860 73273
Lup 74395 71536
Lup 75141 73273
Lup 76297 76552 74395 71860
Lup 77634 78970 78384 77634
Lup 78384 76297 75141 75177
Lyn 45860 45688 44700 44248 41075 36145 33449 30060
Lyr 91262 91971 92420 93194 92791 91971
Men 25918 21949
Mic 105140 103738 102831
Mon 29651 34769
Mon 30867 34769 32533 30419 31216 31978
Mon 32533 31978 30665
Mon 34769 39211 39863
Mon 39211 37447
Mus 62322 57363 61199 61585 62322
Nor 78639 79509
Nor 79509 80000 80582 78639 80000
Oct 107089 112405 70638 107089
Oph 84012 86742
Oph 86032 83000 79882 81377 84012 85755
Oph 86032 86742
Ori 22449 22509 22845
Ori 25336 22449 22549 22730 22797 23123
Ori 26727 26311 25930
Ori 29038 28614
Ori 29426 28614 27989 26727 27366 24436 25930 25336 26207 27989
Ori 29426 29038 27913
Ori 29434 28716 27913
Ori 29434 29426
Pav 88866 86929
Pav 93015 92609 90098 88866 92609
Pav 99240 98495 91792 93015 99240
Pav 100751 105858 102395 99240 100751
Peg 677 1067
Peg 677 113881
Peg 1067 113963
Peg 113881 112158 109352
Peg 113881 112748 112440 109176 107354
Peg 113881 113963
Peg 113963 112447 112029 109427 107315
Per 15863 14576 14354 13254
Per 17448 18246 18614 18532 17358 15863 14328 13268
Phe 5165 7083 8837 5165 6867 2072 2081 765 2072
Phe 5348 5165 2072 5348
Pic 32607 27530 27321
PsA 113368 111954 108661 107608 109422 111188 113246
Psc 4889 5742
Psc 4889 6193 5742 7097 8198 9487 8833 7884 7007 4906 3760 1645 118268 116771 117245 116928 115738 114971 115227 115830 116771
Pup 39757 38146 35264 31685 32768 36377 39429 39757
Pyx 42515 42828 43409
Ret 19780 19921 18597 17440 19780
Scl 116231 4577 115102 116231
Sco 80763 78265
Sco 80763 78820
Sco 85927 86670 87073 86228 84143 82671 82514 82396 81266 80763 78401
Sct 92175 92202 92814 90595 91117 92175
Ser 79593 77516 77622 77070 76276 77233 78072 77450 77233
Ser 92946 90441 89962 88670 88048 86565 86263 84880
Sex 51437 49641
Sge 96837 97365 96757
Sge 97365 98337 98920
Sgr 88635 89931 90185 93506 92041 89931
Sgr 89642 90185 88635 87072
Sgr 89931 90496
Sgr 92041 90496 89341
Sgr 92855 93085 93683 94820 95168
Sgr 93506 93864 92855 92041
Sgr 93864 96406 98688 98412 98032 95347
Sgr 98032 95294
Tau 20205 18724 15900
Tau 20205 20455
Tau 20889 20648 20455 17847
Tau 21421 20889
Tau 21421 20894 20205
Tau 21421 26451
Tau 25428 21881 20889
Tel 90568 90422
TrA 82273 74946 77952 82273
Tri 10670 10064 8796 10670
Tuc 110130 114996 1599
Tuc 114996 2484
UMa 46853 44127
UMa 48402 48319 41704 46733 54061
UMa 53910 48402 46853 44471
UMa 54539 50801
UMa 58001 57399 54539 50372
UMa 67301 65378 62956 59774 54061 53910 58001 59774
UMi 11767 85822 82080 77055 79822 75097 72607 77055
Vel 39953 42536 42913 45941 48774 52727 51986 50191 46651 44816 39953
Vir 57380 60129 61941 65474 69427 69701 71957
Vir 63090 61941
Vir 65474 66249 68520 72220
Vir 66249 63090 63608
Vol 37504 34481 39794 37504
Vol 39794 35228
Vol 39794 41312 44382 39794
Vul 95771 98543
